Classification Report for decision_tree
==================================================

              precision    recall  f1-score   support

           0       0.47      0.67      0.56       139
           1       0.00      0.00      0.00         2
           2       0.50      0.09      0.15        11
           3       0.57      0.92      0.71        13
           4       0.38      0.33      0.36        15
           5       0.77      0.88      0.82        49
           6       0.67      0.49      0.57        73
           7       0.58      0.47      0.52       129
           8       0.00      0.00      0.00         6
           9       0.00      0.00      0.00         9

    accuracy                           0.56       446
   macro avg       0.39      0.39      0.37       446
weighted avg       0.55      0.56      0.54       446


Confusion Matrix:
[[93  0  0  1  0  2  6 37  0  0]
 [ 0  0  0  0  1  0  0  1  0  0]
 [ 5  0  1  3  1  0  1  0  0  0]
 [ 0  0  1 12  0  0  0  0  0  0]
 [ 4  0  0  3  5  2  1  0  0  0]
 [ 0  0  0  0  2 43  4  0  0  0]
 [26  0  0  2  2  3 36  4  0  0]
 [60  0  0  0  0  4  5 60  0  0]
 [ 3  0  0  0  1  0  1  1  0  0]
 [ 5  0  0  0  1  2  0  1  0  0]]