Classification Report for knn
==================================================

              precision    recall  f1-score   support

           0       0.54      0.73      0.62       139
           1       1.00      1.00      1.00         2
           2       0.64      0.64      0.64        11
           3       0.71      0.92      0.80        13
           4       0.33      0.20      0.25        15
           5       0.80      0.82      0.81        49
           6       0.64      0.56      0.60        73
           7       0.63      0.50      0.56       129
           8       0.75      0.50      0.60         6
           9       0.00      0.00      0.00         9

    accuracy                           0.61       446
   macro avg       0.60      0.59      0.59       446
weighted avg       0.61      0.61      0.60       446


Confusion Matrix:
[[101   0   0   0   0   0   8  30   0   0]
 [  0   2   0   0   0   0   0   0   0   0]
 [  2   0   7   1   0   0   1   0   0   0]
 [  0   0   1  12   0   0   0   0   0   0]
 [  3   0   1   3   3   2   2   1   0   0]
 [  1   0   0   0   3  40   4   1   0   0]
 [ 21   0   0   1   3   3  41   3   1   0]
 [ 57   0   0   0   0   3   5  64   0   0]
 [  0   0   1   0   0   0   2   0   3   0]
 [  3   0   1   0   0   2   1   2   0   0]]