Classification Report for logistic_regression
==================================================

              precision    recall  f1-score   support

           0       0.50      0.73      0.59       139
           1       0.67      1.00      0.80         2
           2       0.50      0.18      0.27        11
           3       0.71      0.77      0.74        13
           4       0.71      0.33      0.45        15
           5       0.76      0.86      0.81        49
           6       0.58      0.52      0.55        73
           7       0.63      0.44      0.52       129
           8       0.75      0.50      0.60         6
           9       0.00      0.00      0.00         9

    accuracy                           0.58       446
   macro avg       0.58      0.53      0.53       446
weighted avg       0.59      0.58      0.57       446


Confusion Matrix:
[[101   0   0   0   0   0  10  28   0   0]
 [  0   2   0   0   0   0   0   0   0   0]
 [  4   0   2   2   0   0   3   0   0   0]
 [  0   0   1  10   1   0   1   0   0   0]
 [  4   0   0   1   5   3   2   0   0   0]
 [  4   0   0   0   0  42   2   1   0   0]
 [ 25   0   0   1   1   4  38   3   1   0]
 [ 60   1   0   0   0   3   8  57   0   0]
 [  1   0   0   0   0   0   2   0   3   0]
 [  3   0   1   0   0   3   0   2   0   0]]