Classification Report for naive_bayes
==================================================

              precision    recall  f1-score   support

           0       0.00      0.00      0.00       139
           1       1.00      1.00      1.00         2
           2       0.25      0.64      0.36        11
           3       0.32      0.77      0.45        13
           4       0.00      0.00      0.00        15
           5       0.00      0.00      0.00        49
           6       0.70      0.10      0.17        73
           7       0.76      0.15      0.25       129
           8       0.75      0.50      0.60         6
           9       0.02      0.67      0.03         9

    accuracy                           0.12       446
   macro avg       0.38      0.38      0.29       446
weighted avg       0.36      0.12      0.13       446


Confusion Matrix:
[[  0   0   4   0   1   0   3   5   0 126]
 [  0   2   0   0   0   0   0   0   0   0]
 [  0   0   7   3   0   0   0   0   0   1]
 [  0   0   3  10   0   0   0   0   0   0]
 [  0   0   3   5   0   0   0   0   0   7]
 [  0   0   2   0   0   0   0   1   0  46]
 [  0   0   5   6   0   0   7   0   1  54]
 [  0   0   4   2   1   0   0  19   0 103]
 [  0   0   0   2   0   0   0   0   3   1]
 [  0   0   0   3   0   0   0   0   0   6]]