Classification Report for random_forest
==================================================

              precision    recall  f1-score   support

           0       0.56      0.67      0.61       139
           1       0.00      0.00      0.00         2
           2       0.67      0.55      0.60        11
           3       0.65      0.85      0.73        13
           4       0.60      0.40      0.48        15
           5       0.78      0.94      0.85        49
           6       0.65      0.56      0.60        73
           7       0.61      0.56      0.58       129
           8       1.00      0.50      0.67         6
           9       0.00      0.00      0.00         9

    accuracy                           0.62       446
   macro avg       0.55      0.50      0.51       446
weighted avg       0.61      0.62      0.61       446


Confusion Matrix:
[[93  0  0  0  0  2  8 36  0  0]
 [ 0  0  1  0  1  0  0  0  0  0]
 [ 2  0  6  1  0  0  2  0  0  0]
 [ 0  0  1 11  1  0  0  0  0  0]
 [ 2  0  0  2  6  2  1  2  0  0]
 [ 0  0  0  0  1 46  1  1  0  0]
 [21  0  0  2  1  3 41  5  0  0]
 [45  0  0  0  0  4  8 72  0  0]
 [ 1  0  0  0  0  0  2  0  3  0]
 [ 3  0  1  1  0  2  0  2  0  0]]